0 0.3948087431693989 0.43018480492813144 0.6584699453551912 0.08418891170431211
0 0.28415300546448086 0.337782340862423 0.453551912568306 0.06365503080082136
0 0.1871584699453552 0.25667351129363447 0.25956284153005466 0.053388090349075976
0 0.1953551912568306 0.7412731006160165 0.2540983606557377 0.049281314168377825
0 0.28825136612021857 0.8295687885010267 0.4453551912568306 0.06570841889117043
0 0.3989071038251366 0.9219712525667351 0.6721311475409836 0.09034907597535935
0 0.20218579234972678 0.11293634496919917 0.22950819672131148 0.11498973305954825
0 0.4726775956284153 0.11909650924024641 0.15846994535519127 0.11088295687885011
0 0.35655737704918034 0.2464065708418891 0.07377049180327869 0.057494866529774126
0 0.5860655737704918 0.3182751540041068 0.1448087431693989 0.11088295687885011
0 0.7650273224043715 0.1601642710472279 0.30601092896174864 0.2299794661190965
0 0.8142076502732241 0.39835728952772076 0.16393442622950818 0.1601642710472279
0 0.19262295081967212 0.6108829568788501 0.20491803278688525 0.1375770020533881
0 0.4644808743169399 0.6057494866529775 0.15300546448087432 0.11088295687885011