0 0.08638211382113821 0.08611111111111111 0.16869918699186992 0.16666666666666666
0 0.1524390243902439 0.29583333333333334 0.08130081300813008 0.08055555555555556
0 0.15345528455284552 0.475 0.08333333333333333 0.07777777777777778
0 0.15142276422764228 0.6569444444444444 0.07113821138211382 0.075
0 0.1524390243902439 0.8402777777777778 0.06910569105691057 0.06944444444444445
0 0.4573170731707317 0.2763888888888889 0.04878048780487805 0.08055555555555556
0 0.46747967479674796 0.4625 0.056910569105691054 0.06944444444444445
0 0.4654471544715447 0.6486111111111111 0.06097560975609756 0.075
0 0.46747967479674796 0.8263888888888888 0.07317073170731707 0.075
0 0.641260162601626 0.5805555555555556 0.06707317073170732 0.10555555555555556
0 0.6504065040650406 0.8041666666666667 0.1016260162601626 0.08055555555555556