0 0.02151639344262295 0.5272727272727272 0.02663934426229508 0.3064935064935065
0 0.08196721311475409 0.5324675324675324 0.02459016393442623 0.3064935064935065
0 0.13729508196721313 0.535064935064935 0.028688524590163935 0.33766233766233766
0 0.19979508196721313 0.5415584415584416 0.022540983606557378 0.35064935064935066
0 0.2725409836065574 0.5584415584415584 0.02459016393442623 0.43116883116883115
0 0.3524590163934426 0.5766233766233766 0.028688524590163935 0.43116883116883115
0 0.4354508196721312 0.6077922077922078 0.03483606557377049 0.4935064935064935
0 0.5420081967213115 0.5987012987012987 0.030737704918032786 0.44935064935064933
0 0.6434426229508197 0.5922077922077922 0.03278688524590164 0.45194805194805193
0 0.735655737704918 0.5922077922077922 0.03278688524590164 0.4
0 0.8155737704918032 0.5987012987012987 0.028688524590163935 0.36103896103896105
0 0.8862704918032787 0.5857142857142857 0.02663934426229508 0.3246753246753247
0 0.9497950819672131 0.5805194805194805 0.022540983606557378 0.2883116883116883