0 0.2535014005602241 0.13680154142581888 0.29971988795518206 0.16184971098265896
0 0.7086834733893558 0.16955684007707128 0.24649859943977592 0.16570327552986513
0 0.14985994397759103 0.46724470134874757 0.12605042016806722 0.04431599229287091
0 0.29831932773109243 0.4633911368015414 0.13725490196078433 0.04046242774566474
0 0.4425770308123249 0.44508670520231214 0.12885154061624648 0.038535645472061654
0 0.15126050420168066 0.5337186897880539 0.12885154061624648 0.04238921001926782
0 0.31512605042016806 0.5260115606936416 0.13725490196078433 0.046242774566473986
0 0.47619047619047616 0.5183044315992292 0.08403361344537816 0.06936416184971098
0 0.15966386554621848 0.6146435452793835 0.16246498599439776 0.04238921001926782
0 0.33613445378151263 0.594412331406551 0.1400560224089636 0.04046242774566474
0 0.49159663865546216 0.5895953757225434 0.12605042016806722 0.05009633911368015
0 0.7521008403361344 0.4836223506743738 0.13165266106442577 0.06936416184971098