0 0.11368209255533199 0.6778975741239892 0.04627766599597585 0.20215633423180593
0 0.158953722334004 0.7169811320754716 0.04426559356136821 0.20485175202156333
0 0.21428571428571427 0.7425876010781671 0.05432595573440644 0.21293800539083557
0 0.2776659959758551 0.7641509433962265 0.060362173038229376 0.20754716981132076
0 0.3329979879275654 0.7870619946091644 0.06237424547283702 0.20485175202156333
0 0.40945674044265595 0.7425876010781671 0.04225352112676056 0.21293800539083557
0 0.6156941649899397 0.6185983827493261 0.052313883299798795 0.21293800539083557
0 0.676056338028169 0.6549865229110512 0.056338028169014086 0.20485175202156333
0 0.7344064386317908 0.6738544474393531 0.0482897384305835 0.2210242587601078
0 0.7907444668008048 0.7021563342318059 0.060362173038229376 0.22911051212938005
0 0.858148893360161 0.7223719676549866 0.06237424547283702 0.21024258760107817