0 0.11386138613861387 0.6860795454545454 0.04554455445544554 0.21875
0 0.16336633663366337 0.7173295454545454 0.04950495049504951 0.21875
0 0.2079207920792079 0.7428977272727273 0.055445544554455446 0.20170454545454544
0 0.27623762376237626 0.7670454545454546 0.06930693069306931 0.22727272727272727
0 0.3336633663366337 0.7869318181818182 0.05742574257425743 0.21022727272727273
0 0.41089108910891087 0.7443181818181818 0.05742574257425743 0.21022727272727273
0 0.6158415841584158 0.6008522727272727 0.04356435643564356 0.2471590909090909
0 0.6673267326732674 0.6505681818181818 0.0594059405940594 0.2215909090909091
0 0.7306930693069307 0.6747159090909091 0.0594059405940594 0.21306818181818182
0 0.7940594059405941 0.6974431818181818 0.055445544554455446 0.22443181818181818
0 0.8564356435643564 0.7315340909090909 0.06534653465346535 0.21306818181818182