0 0.5877437325905293 0.08645833333333333 0.11142061281337047 0.04375
0 0.8774373259052924 0.090625 0.22284122562674094 0.10208333333333333
0 0.16573816155988857 0.2875 0.16434540389972144 0.058333333333333334
0 0.43175487465181056 0.28125 0.14484679665738162 0.05416666666666667
0 0.8328690807799443 0.284375 0.2785515320334262 0.11875
0 0.8356545961002786 0.465625 0.2785515320334262 0.11875
0 0.5097493036211699 0.475 0.31754874651810583 0.11666666666666667
0 0.1615598885793872 0.471875 0.2785515320334262 0.11875
0 0.14206128133704735 0.6677083333333333 0.2562674094707521 0.10208333333333333
0 0.3802228412256267 0.65 0.14206128133704735 0.075
0 0.5863509749303621 0.6572916666666667 0.1977715877437326 0.035416666666666666
0 0.8885793871866295 0.6489583333333333 0.18384401114206128 0.09791666666666667
0 0.6072423398328691 0.865625 0.22841225626740946 0.13541666666666666
0 0.8579387186629527 0.8635416666666667 0.233983286908078 0.13125
0 0.1392757660167131 0.8541666666666666 0.19498607242339833 0.10416666666666667
0 0.36768802228412256 0.8510416666666667 0.19498607242339833 0.10625
0 0.3871866295264624 0.7041666666666667 0.12813370473537605 0.029166666666666667
0 0.8774373259052924 0.7135416666666666 0.15041782729805014 0.035416666666666666
0 0.14484679665738162 0.928125 0.17270194986072424 0.03958333333333333
0 0.36908077994428967 0.9270833333333334 0.18662952646239556 0.03333333333333333