0 0.27712031558185407 0.33557951482479786 0.03747534516765286 0.0673854447439353
0 0.15680473372781065 0.3490566037735849 0.04142011834319527 0.06199460916442048
0 0.27514792899408286 0.532345013477089 0.16765285996055226 0.04043126684636118
0 0.27613412228796846 0.6644204851752021 0.16962524654832348 0.04043126684636118
0 0.27613412228796846 0.7964959568733153 0.16568047337278108 0.04582210242587601
0 0.6913214990138067 0.48787061994609165 0.15976331360946747 0.0431266846361186
0 0.685404339250493 0.6522911051212938 0.045364891518737675 0.0646900269541779
0 0.8767258382642998 0.6361185983827493 0.029585798816568046 0.3504043126684636
0 0.27613412228796846 0.38409703504043125 0.05128205128205128 0.029649595687331536
0 0.09566074950690336 0.35175202156334234 0.07692307692307693 0.04043126684636118
0 0.09467455621301775 0.5363881401617251 0.07100591715976332 0.03773584905660377
0 0.16074950690335305 0.5377358490566038 0.04142011834319527 0.05660377358490566
0 0.6863905325443787 0.42857142857142855 0.05917159763313609 0.03773584905660377
0 0.6863905325443787 0.3719676549865229 0.047337278106508875 0.0646900269541779
0 0.8777120315581854 0.3719676549865229 0.04339250493096647 0.0646900269541779
0 0.8767258382642998 0.42587601078167114 0.04930966469428008 0.026954177897574125
0 0.6873767258382643 0.7102425876010782 0.0611439842209073 0.029649595687331536
0 0.6863905325443787 0.7695417789757413 0.16173570019723865 0.04043126684636118
0 0.15779092702169625 0.6671159029649596 0.03944773175542406 0.05660377358490566
0 0.09566074950690336 0.6684636118598383 0.07297830374753451 0.03773584905660377
0 0.09566074950690336 0.7964959568733153 0.06903353057199212 0.03504043126684636
0 0.15877712031558186 0.8018867924528302 0.04142011834319527 0.05660377358490566