0 0.4779559118236473 0.2768817204301075 0.2625250501002004 0.23655913978494625
0 0.34769539078156314 0.553763440860215 0.18637274549098196 0.053763440860215055
0 0.3627254509018036 0.6290322580645161 0.18837675350701402 0.08602150537634409
0 0.3627254509018036 0.6975806451612904 0.20841683366733466 0.051075268817204304
0 0.34168336673346694 0.7661290322580645 0.20641282565130262 0.04838709677419355
0 0.35470941883767537 0.8494623655913979 0.22845691382765532 0.08602150537634409
0 0.6112224448897795 0.5524193548387096 0.19238476953907815 0.0456989247311828
0 0.6022044088176353 0.5954301075268817 0.1743486973947896 0.07258064516129033
0 0.6192384769539078 0.6559139784946236 0.2565130260521042 0.06989247311827956
0 0.6072144288577155 0.7137096774193549 0.20040080160320642 0.06182795698924731
0 0.6302605210420842 0.8481182795698925 0.20641282565130262 0.09946236559139784