0 0.16862745098039217 0.14647887323943662 0.2980392156862745 0.2028169014084507
0 0.0696078431372549 0.37746478873239436 0.09215686274509804 0.10140845070422536
0 0.06764705882352941 0.5859154929577465 0.08823529411764706 0.09014084507042254
0 0.06764705882352941 0.8394366197183099 0.08823529411764706 0.10140845070422536
0 0.3235294117647059 0.8338028169014085 0.09411764705882353 0.09014084507042254
0 0.38823529411764707 0.10140845070422536 0.09803921568627451 0.07887323943661972
0 0.5941176470588235 0.10704225352112676 0.10980392156862745 0.09014084507042254
0 0.5794117647058824 0.8309859154929577 0.0803921568627451 0.10704225352112676
0 0.8186274509803921 0.10985915492957747 0.08823529411764706 0.07323943661971831
0 0.8450980392156863 0.38309859154929576 0.09803921568627451 0.10140845070422536
0 0.8509803921568627 0.7436619718309859 0.09803921568627451 0.09014084507042254