0 0.9011516314779271 0.2559055118110236 0.036468330134357005 0.09711286089238845
0 0.8157389635316699 0.23622047244094488 0.046065259117082535 0.11548556430446194
0 0.708253358925144 0.2204724409448819 0.05758157389635317 0.12598425196850394
0 0.6410748560460653 0.36220472440944884 0.0690978886756238 0.12598425196850394
0 0.7648752399232246 0.3648293963254593 0.04030710172744722 0.11023622047244094
0 0.8608445297504799 0.35958005249343833 0.05950095969289827 0.11023622047244094
0 0.5662188099808061 0.5118110236220472 0.07293666026871401 0.13123359580052493
0 0.9030710172744721 0.468503937007874 0.04030710172744722 0.07611548556430446
0 0.8992322456813819 0.6706036745406824 0.03262955854126679 0.07611548556430446
0 0.8589251439539347 0.5918635170603674 0.04030710172744722 0.10236220472440945
0 0.8157389635316699 0.4776902887139108 0.046065259117082535 0.11548556430446194
0 0.8157389635316699 0.7060367454068242 0.046065259117082535 0.08398950131233596
0 0.7658349328214972 0.610236220472441 0.06525911708253358 0.10761154855643044
0 0.710172744721689 0.49868766404199477 0.053742802303262956 0.11548556430446194
0 0.7063339731285988 0.7585301837270341 0.061420345489443376 0.13123359580052493
0 0.6391554702495201 0.6430446194225722 0.06525911708253358 0.12073490813648294
0 0.5681381957773513 0.8123359580052494 0.0690978886756238 0.07611548556430446
0 0.48080614203454897 0.6889763779527559 0.07485604606525911 0.08136482939632546
0 0.3848368522072937 0.8818897637795275 0.08637236084452975 0.13648293963254593